22 serialization::archive 14 0 0 2 0 1 1 0
0 20 The Fractured Grotto 0 0 144 0 1 0
1 35 0 0
2 35 1 0
3 35 2 0
4 35 3 0
5 35 4 0
6 35 5 0
7 35 6 0
8 35 7 0
9 35 8 0
10 35 9 0
11 35 10 0
12 35 11 0
13 35 12 0
14 35 13 0
15 35 14 0
16 35 15 0
17 35 0 1
18 35 1 1
19 35 2 1
20 35 3 1
21 35 4 1
22 35 5 1
23 35 6 1
24 35 7 1
25 35 8 1
26 46 9 1
27 46 10 1
28 46 11 1
29 46 12 1
30 46 13 1
31 46 14 1
32 35 15 1
33 35 0 2
34 35 1 2
35 35 2 2
36 46 3 2
37 46 4 2
38 46 5 2
39 35 6 2
40 35 7 2
41 35 8 2
42 46 9 2
43 46 10 2
44 46 11 2
45 46 12 2
46 46 13 2
47 46 14 2
48 35 15 2
49 35 0 3
50 46 1 3
51 46 2 3
52 46 3 3
53 46 4 3
54 46 5 3
55 35 6 3
56 35 7 3
57 35 8 3
58 46 9 3
59 46 10 3
60 46 11 3
61 46 12 3
62 46 13 3
63 46 14 3
64 35 15 3
65 47 0 4
66 46 1 4
67 46 2 4
68 46 3 4
69 46 4 4
70 46 5 4
71 35 6 4
72 35 7 4
73 35 8 4
74 46 9 4
75 46 10 4
76 46 11 4
77 46 12 4
78 46 13 4
79 46 14 4
80 92 15 4
81 35 0 5
82 46 1 5
83 46 2 5
84 46 3 5
85 46 4 5
86 46 5 5
87 35 6 5
88 35 7 5
89 35 8 5
90 46 9 5
91 46 10 5
92 46 11 5
93 46 12 5
94 46 13 5
95 46 14 5
96 35 15 5
97 35 0 6
98 46 1 6
99 46 2 6
100 46 3 6
101 46 4 6
102 46 5 6
103 46 6 6
104 46 7 6
105 46 8 6
106 46 9 6
107 46 10 6
108 46 11 6
109 46 12 6
110 46 13 6
111 46 14 6
112 35 15 6
113 35 0 7
114 46 1 7
115 46 2 7
116 46 3 7
117 46 4 7
118 46 5 7
119 46 6 7
120 46 7 7
121 46 8 7
122 46 9 7
123 46 10 7
124 46 11 7
125 46 12 7
126 46 13 7
127 46 14 7
128 35 15 7
129 35 0 8
130 35 1 8
131 35 2 8
132 35 3 8
133 35 4 8
134 35 5 8
135 35 6 8
136 35 7 8
137 35 8 8
138 35 9 8
139 35 10 8
140 35 11 8
141 35 12 8
142 35 13 8
143 35 14 8
144 35 15 8 16 9 3 65 3 80 0 0 1 0 5 1 0
145 11 2 7 Cameron 2 16 16 16 16 15 8 14 13 6 1 0
146 0 0 25 Liar's Cuirass of the Sky 4 3 4 -1 -1 -1 -1 -1 -1 -1 15 1 0
147 0 0 1 0 14 1 0
148 11 Venomstrike 2 2 3 3 1d8 20 1 0 0 1 0 18 1 0
149
150 2 0 6
151 25 Liar's Cuirass of the Sky 4 3 4 14
152 11 Venomstrike 2 2 3 3 1d8 9 2 4 2 1
153 21 The Black Forest Pits 2220 0
154 35 0 0
155 35 1 0
156 35 2 0
157 35 3 0
158 35 4 0
159 35 5 0
160 35 6 0
161 35 7 0
162 35 8 0
163 35 9 0
164 35 10 0
165 35 11 0
166 35 12 0
167 35 13 0
168 35 14 0
169 35 15 0
170 35 16 0
171 35 17 0
172 35 18 0
173 35 19 0
174 35 20 0
175 35 21 0
176 35 22 0
177 35 23 0
178 35 24 0
179 35 25 0
180 35 26 0
181 35 27 0
182 35 28 0
183 35 29 0
184 35 30 0
185 35 31 0
186 35 32 0
187 35 33 0
188 35 34 0
189 35 35 0
190 35 36 0
191 35 37 0
192 35 38 0
193 35 39 0
194 35 40 0
195 35 41 0
196 35 42 0
197 35 43 0
198 35 44 0
199 35 45 0
200 35 46 0
201 35 47 0
202 35 48 0
203 35 49 0
204 35 50 0
205 35 51 0
206 35 52 0
207 35 53 0
208 35 54 0
209 35 55 0
210 35 56 0
211 35 57 0
212 35 58 0
213 35 59 0
214 35 0 1
215 46 1 1
216 46 2 1
217 46 3 1
218 46 4 1
219 46 5 1
220 46 6 1
221 46 7 1
222 46 8 1
223 46 9 1
224 46 10 1
225 46 11 1
226 46 12 1
227 46 13 1
228 46 14 1
229 46 15 1
230 46 16 1
231 46 17 1
232 46 18 1
233 46 19 1
234 46 20 1
235 46 21 1
236 46 22 1
237 46 23 1
238 46 24 1
239 46 25 1
240 46 26 1
241 46 27 1
242 46 28 1
243 46 29 1
244 46 30 1
245 46 31 1
246 46 32 1
247 46 33 1
248 46 34 1
249 46 35 1
250 46 36 1
251 46 37 1
252 46 38 1
253 46 39 1
254 46 40 1
255 46 41 1
256 46 42 1
257 46 43 1
258 46 44 1
259 46 45 1
260 46 46 1
261 46 47 1
262 46 48 1
263 46 49 1
264 46 50 1
265 46 51 1
266 46 52 1
267 46 53 1
268 46 54 1
269 46 55 1
270 46 56 1
271 46 57 1
272 46 58 1
273 35 59 1
274 35 0 2
275 46 1 2
276 46 2 2
277 46 3 2
278 46 4 2
279 46 5 2
280 35 6 2
281 46 7 2
282 46 8 2
283 46 9 2
284 46 10 2
285 46 11 2
286 46 12 2
287 46 13 2
288 46 14 2
289 46 15 2
290 46 16 2
291 46 17 2
292 46 18 2
293 46 19 2
294 46 20 2
295 46 21 2
296 46 22 2
297 46 23 2
298 46 24 2
299 46 25 2
300 46 26 2
301 46 27 2
302 46 28 2
303 46 29 2
304 46 30 2
305 46 31 2
306 46 32 2
307 46 33 2
308 46 34 2
309 46 35 2
310 46 36 2
311 46 37 2
312 46 38 2
313 46 39 2
314 46 40 2
315 46 41 2
316 46 42 2
317 46 43 2
318 46 44 2
319 46 45 2
320 46 46 2
321 46 47 2
322 46 48 2
323 46 49 2
324 46 50 2
325 46 51 2
326 46 52 2
327 46 53 2
328 46 54 2
329 46 55 2
330 46 56 2
331 46 57 2
332 46 58 2
333 35 59 2
334 35 0 3
335 46 1 3
336 46 2 3
337 46 3 3
338 46 4 3
339 46 5 3
340 35 6 3
341 46 7 3
342 46 8 3
343 46 9 3
344 46 10 3
345 46 11 3
346 46 12 3
347 46 13 3
348 46 14 3
349 46 15 3
350 46 16 3
351 46 17 3
352 46 18 3
353 46 19 3
354 46 20 3
355 46 21 3
356 46 22 3
357 46 23 3
358 46 24 3
359 46 25 3
360 46 26 3
361 46 27 3
362 46 28 3
363 46 29 3
364 46 30 3
365 46 31 3
366 46 32 3
367 46 33 3
368 46 34 3
369 46 35 3
370 46 36 3
371 46 37 3
372 46 38 3
373 46 39 3
374 46 40 3
375 46 41 3
376 46 42 3
377 46 43 3
378 46 44 3
379 46 45 3
380 46 46 3
381 46 47 3
382 46 48 3
383 46 49 3
384 46 50 3
385 46 51 3
386 46 52 3
387 46 53 3
388 46 54 3
389 46 55 3
390 46 56 3
391 46 57 3
392 46 58 3
393 35 59 3
394 35 0 4
395 46 1 4
396 46 2 4
397 46 3 4
398 46 4 4
399 46 5 4
400 35 6 4
401 46 7 4
402 46 8 4
403 46 9 4
404 46 10 4
405 46 11 4
406 46 12 4
407 46 13 4
408 46 14 4
409 46 15 4
410 46 16 4
411 46 17 4
412 46 18 4
413 46 19 4
414 46 20 4
415 46 21 4
416 46 22 4
417 46 23 4
418 46 24 4
419 46 25 4
420 46 26 4
421 46 27 4
422 46 28 4
423 46 29 4
424 46 30 4
425 46 31 4
426 46 32 4
427 46 33 4
428 46 34 4
429 46 35 4
430 46 36 4
431 46 37 4
432 46 38 4
433 46 39 4
434 46 40 4
435 46 41 4
436 46 42 4
437 46 43 4
438 46 44 4
439 46 45 4
440 46 46 4
441 46 47 4
442 46 48 4
443 46 49 4
444 46 50 4
445 46 51 4
446 46 52 4
447 46 53 4
448 46 54 4
449 46 55 4
450 46 56 4
451 46 57 4
452 46 58 4
453 35 59 4
454 35 0 5
455 46 1 5
456 46 2 5
457 46 3 5
458 46 4 5
459 46 5 5
460 35 6 5
461 46 7 5
462 46 8 5
463 46 9 5
464 46 10 5
465 46 11 5
466 46 12 5
467 46 13 5
468 46 14 5
469 46 15 5
470 46 16 5
471 46 17 5
472 46 18 5
473 46 19 5
474 46 20 5
475 46 21 5
476 46 22 5
477 46 23 5
478 46 24 5
479 46 25 5
480 46 26 5
481 46 27 5
482 46 28 5
483 46 29 5
484 46 30 5
485 46 31 5
486 46 32 5
487 46 33 5
488 46 34 5
489 46 35 5
490 46 36 5
491 46 37 5
492 46 38 5
493 46 39 5
494 46 40 5
495 46 41 5
496 46 42 5
497 46 43 5
498 46 44 5
499 46 45 5
500 46 46 5
501 46 47 5
502 46 48 5
503 46 49 5
504 46 50 5
505 46 51 5
506 46 52 5
507 46 53 5
508 46 54 5
509 46 55 5
510 46 56 5
511 46 57 5
512 46 58 5
513 35 59 5
514 35 0 6
515 46 1 6
516 46 2 6
517 46 3 6
518 46 4 6
519 46 5 6
520 35 6 6
521 35 7 6
522 35 8 6
523 35 9 6
524 35 10 6
525 46 11 6
526 46 12 6
527 46 13 6
528 46 14 6
529 46 15 6
530 46 16 6
531 46 17 6
532 46 18 6
533 46 19 6
534 46 20 6
535 46 21 6
536 46 22 6
537 46 23 6
538 46 24 6
539 46 25 6
540 46 26 6
541 46 27 6
542 46 28 6
543 46 29 6
544 46 30 6
545 46 31 6
546 46 32 6
547 46 33 6
548 46 34 6
549 46 35 6
550 46 36 6
551 46 37 6
552 46 38 6
553 46 39 6
554 46 40 6
555 46 41 6
556 46 42 6
557 46 43 6
558 46 44 6
559 46 45 6
560 46 46 6
561 46 47 6
562 46 48 6
563 46 49 6
564 46 50 6
565 46 51 6
566 46 52 6
567 46 53 6
568 46 54 6
569 46 55 6
570 46 56 6
571 46 57 6
572 46 58 6
573 35 59 6
574 35 0 7
575 46 1 7
576 46 2 7
577 46 3 7
578 46 4 7
579 46 5 7
580 46 6 7
581 46 7 7
582 46 8 7
583 46 9 7
584 35 10 7
585 46 11 7
586 46 12 7
587 46 13 7
588 46 14 7
589 46 15 7
590 46 16 7
591 46 17 7
592 46 18 7
593 46 19 7
594 46 20 7
595 46 21 7
596 46 22 7
597 46 23 7
598 46 24 7
599 46 25 7
600 46 26 7
601 46 27 7
602 46 28 7
603 46 29 7
604 46 30 7
605 46 31 7
606 46 32 7
607 46 33 7
608 46 34 7
609 46 35 7
610 46 36 7
611 46 37 7
612 46 38 7
613 46 39 7
614 46 40 7
615 46 41 7
616 46 42 7
617 46 43 7
618 46 44 7
619 46 45 7
620 46 46 7
621 46 47 7
622 46 48 7
623 46 49 7
624 46 50 7
625 46 51 7
626 46 52 7
627 46 53 7
628 46 54 7
629 46 55 7
630 46 56 7
631 46 57 7
632 46 58 7
633 35 59 7
634 35 0 8
635 46 1 8
636 46 2 8
637 46 3 8
638 46 4 8
639 46 5 8
640 46 6 8
641 46 7 8
642 46 8 8
643 46 9 8
644 35 10 8
645 35 11 8
646 35 12 8
647 35 13 8
648 35 14 8
649 35 15 8
650 35 16 8
651 46 17 8
652 46 18 8
653 46 19 8
654 46 20 8
655 46 21 8
656 46 22 8
657 46 23 8
658 46 24 8
659 46 25 8
660 46 26 8
661 46 27 8
662 46 28 8
663 46 29 8
664 46 30 8
665 46 31 8
666 46 32 8
667 46 33 8
668 46 34 8
669 46 35 8
670 46 36 8
671 46 37 8
672 46 38 8
673 46 39 8
674 46 40 8
675 46 41 8
676 46 42 8
677 46 43 8
678 46 44 8
679 46 45 8
680 46 46 8
681 46 47 8
682 46 48 8
683 46 49 8
684 46 50 8
685 46 51 8
686 46 52 8
687 46 53 8
688 46 54 8
689 46 55 8
690 46 56 8
691 46 57 8
692 46 58 8
693 35 59 8
694 35 0 9
695 46 1 9
696 46 2 9
697 46 3 9
698 46 4 9
699 46 5 9
700 46 6 9
701 46 7 9
702 46 8 9
703 46 9 9
704 46 10 9
705 46 11 9
706 46 12 9
707 46 13 9
708 46 14 9
709 46 15 9
710 35 16 9
711 46 17 9
712 46 18 9
713 46 19 9
714 46 20 9
715 46 21 9
716 46 22 9
717 46 23 9
718 46 24 9
719 46 25 9
720 46 26 9
721 46 27 9
722 46 28 9
723 46 29 9
724 46 30 9
725 46 31 9
726 46 32 9
727 46 33 9
728 46 34 9
729 46 35 9
730 46 36 9
731 46 37 9
732 46 38 9
733 46 39 9
734 46 40 9
735 46 41 9
736 46 42 9
737 46 43 9
738 46 44 9
739 46 45 9
740 46 46 9
741 46 47 9
742 46 48 9
743 46 49 9
744 46 50 9
745 46 51 9
746 46 52 9
747 46 53 9
748 46 54 9
749 46 55 9
750 46 56 9
751 46 57 9
752 46 58 9
753 35 59 9
754 35 0 10
755 46 1 10
756 46 2 10
757 46 3 10
758 46 4 10
759 46 5 10
760 46 6 10
761 46 7 10
762 46 8 10
763 46 9 10
764 46 10 10
765 46 11 10
766 46 12 10
767 46 13 10
768 46 14 10
769 46 15 10
770 35 16 10
771 46 17 10
772 46 18 10
773 46 19 10
774 46 20 10
775 46 21 10
776 46 22 10
777 46 23 10
778 46 24 10
779 46 25 10
780 46 26 10
781 46 27 10
782 46 28 10
783 46 29 10
784 46 30 10
785 46 31 10
786 46 32 10
787 46 33 10
788 46 34 10
789 46 35 10
790 46 36 10
791 46 37 10
792 46 38 10
793 46 39 10
794 46 40 10
795 46 41 10
796 46 42 10
797 46 43 10
798 46 44 10
799 46 45 10
800 46 46 10
801 46 47 10
802 46 48 10
803 46 49 10
804 46 50 10
805 46 51 10
806 46 52 10
807 46 53 10
808 46 54 10
809 46 55 10
810 46 56 10
811 46 57 10
812 46 58 10
813 35 59 10
814 35 0 11
815 46 1 11
816 46 2 11
817 46 3 11
818 46 4 11
819 46 5 11
820 46 6 11
821 46 7 11
822 46 8 11
823 46 9 11
824 46 10 11
825 46 11 11
826 46 12 11
827 46 13 11
828 46 14 11
829 46 15 11
830 35 16 11
831 46 17 11
832 46 18 11
833 46 19 11
834 46 20 11
835 46 21 11
836 46 22 11
837 46 23 11
838 46 24 11
839 46 25 11
840 46 26 11
841 46 27 11
842 46 28 11
843 46 29 11
844 46 30 11
845 46 31 11
846 46 32 11
847 46 33 11
848 46 34 11
849 46 35 11
850 46 36 11
851 46 37 11
852 46 38 11
853 46 39 11
854 46 40 11
855 46 41 11
856 46 42 11
857 46 43 11
858 46 44 11
859 46 45 11
860 46 46 11
861 46 47 11
862 46 48 11
863 46 49 11
864 46 50 11
865 46 51 11
866 46 52 11
867 46 53 11
868 46 54 11
869 46 55 11
870 46 56 11
871 46 57 11
872 46 58 11
873 35 59 11
874 35 0 12
875 46 1 12
876 46 2 12
877 46 3 12
878 46 4 12
879 46 5 12
880 46 6 12
881 46 7 12
882 46 8 12
883 46 9 12
884 46 10 12
885 46 11 12
886 46 12 12
887 46 13 12
888 46 14 12
889 46 15 12
890 35 16 12
891 46 17 12
892 46 18 12
893 46 19 12
894 46 20 12
895 46 21 12
896 46 22 12
897 46 23 12
898 46 24 12
899 46 25 12
900 46 26 12
901 46 27 12
902 46 28 12
903 46 29 12
904 46 30 12
905 46 31 12
906 46 32 12
907 46 33 12
908 46 34 12
909 46 35 12
910 46 36 12
911 46 37 12
912 46 38 12
913 46 39 12
914 46 40 12
915 46 41 12
916 46 42 12
917 46 43 12
918 46 44 12
919 46 45 12
920 46 46 12
921 46 47 12
922 46 48 12
923 46 49 12
924 46 50 12
925 46 51 12
926 46 52 12
927 46 53 12
928 46 54 12
929 46 55 12
930 46 56 12
931 46 57 12
932 46 58 12
933 35 59 12
934 35 0 13
935 46 1 13
936 46 2 13
937 46 3 13
938 46 4 13
939 46 5 13
940 46 6 13
941 46 7 13
942 46 8 13
943 46 9 13
944 46 10 13
945 46 11 13
946 46 12 13
947 46 13 13
948 46 14 13
949 46 15 13
950 35 16 13
951 46 17 13
952 46 18 13
953 46 19 13
954 46 20 13
955 46 21 13
956 46 22 13
957 46 23 13
958 46 24 13
959 46 25 13
960 46 26 13
961 46 27 13
962 46 28 13
963 46 29 13
964 46 30 13
965 46 31 13
966 46 32 13
967 46 33 13
968 46 34 13
969 46 35 13
970 46 36 13
971 46 37 13
972 46 38 13
973 46 39 13
974 46 40 13
975 46 41 13
976 46 42 13
977 46 43 13
978 46 44 13
979 46 45 13
980 46 46 13
981 46 47 13
982 46 48 13
983 46 49 13
984 46 50 13
985 46 51 13
986 46 52 13
987 46 53 13
988 46 54 13
989 46 55 13
990 46 56 13
991 46 57 13
992 46 58 13
993 35 59 13
994 35 0 14
995 46 1 14
996 46 2 14
997 46 3 14
998 46 4 14
999 46 5 14
1000 46 6 14
1001 46 7 14
1002 46 8 14
1003 46 9 14
1004 46 10 14
1005 46 11 14
1006 46 12 14
1007 46 13 14
1008 46 14 14
1009 46 15 14
1010 35 16 14
1011 46 17 14
1012 46 18 14
1013 46 19 14
1014 46 20 14
1015 46 21 14
1016 46 22 14
1017 46 23 14
1018 46 24 14
1019 46 25 14
1020 46 26 14
1021 46 27 14
1022 46 28 14
1023 46 29 14
1024 46 30 14
1025 46 31 14
1026 46 32 14
1027 46 33 14
1028 46 34 14
1029 46 35 14
1030 46 36 14
1031 46 37 14
1032 46 38 14
1033 46 39 14
1034 46 40 14
1035 46 41 14
1036 46 42 14
1037 46 43 14
1038 46 44 14
1039 46 45 14
1040 46 46 14
1041 46 47 14
1042 46 48 14
1043 46 49 14
1044 46 50 14
1045 46 51 14
1046 46 52 14
1047 46 53 14
1048 46 54 14
1049 46 55 14
1050 46 56 14
1051 46 57 14
1052 46 58 14
1053 35 59 14
1054 35 0 15
1055 46 1 15
1056 46 2 15
1057 46 3 15
1058 46 4 15
1059 46 5 15
1060 46 6 15
1061 46 7 15
1062 46 8 15
1063 46 9 15
1064 46 10 15
1065 46 11 15
1066 46 12 15
1067 46 13 15
1068 46 14 15
1069 46 15 15
1070 35 16 15
1071 35 17 15
1072 35 18 15
1073 35 19 15
1074 35 20 15
1075 35 21 15
1076 35 22 15
1077 35 23 15
1078 46 24 15
1079 46 25 15
1080 46 26 15
1081 46 27 15
1082 46 28 15
1083 46 29 15
1084 46 30 15
1085 46 31 15
1086 46 32 15
1087 46 33 15
1088 46 34 15
1089 46 35 15
1090 46 36 15
1091 46 37 15
1092 46 38 15
1093 46 39 15
1094 46 40 15
1095 46 41 15
1096 46 42 15
1097 46 43 15
1098 46 44 15
1099 46 45 15
1100 46 46 15
1101 46 47 15
1102 46 48 15
1103 46 49 15
1104 46 50 15
1105 46 51 15
1106 46 52 15
1107 46 53 15
1108 46 54 15
1109 46 55 15
1110 46 56 15
1111 46 57 15
1112 46 58 15
1113 35 59 15
1114 35 0 16
1115 46 1 16
1116 46 2 16
1117 46 3 16
1118 46 4 16
1119 46 5 16
1120 46 6 16
1121 46 7 16
1122 46 8 16
1123 46 9 16
1124 46 10 16
1125 46 11 16
1126 46 12 16
1127 46 13 16
1128 46 14 16
1129 46 15 16
1130 46 16 16
1131 46 17 16
1132 46 18 16
1133 46 19 16
1134 46 20 16
1135 46 21 16
1136 46 22 16
1137 35 23 16
1138 46 24 16
1139 46 25 16
1140 46 26 16
1141 46 27 16
1142 46 28 16
1143 46 29 16
1144 46 30 16
1145 46 31 16
1146 46 32 16
1147 46 33 16
1148 46 34 16
1149 46 35 16
1150 46 36 16
1151 46 37 16
1152 46 38 16
1153 46 39 16
1154 46 40 16
1155 46 41 16
1156 46 42 16
1157 46 43 16
1158 46 44 16
1159 46 45 16
1160 46 46 16
1161 46 47 16
1162 46 48 16
1163 46 49 16
1164 46 50 16
1165 46 51 16
1166 46 52 16
1167 46 53 16
1168 46 54 16
1169 46 55 16
1170 46 56 16
1171 46 57 16
1172 46 58 16
1173 35 59 16
1174 35 0 17
1175 46 1 17
1176 46 2 17
1177 46 3 17
1178 46 4 17
1179 46 5 17
1180 46 6 17
1181 46 7 17
1182 46 8 17
1183 46 9 17
1184 46 10 17
1185 46 11 17
1186 46 12 17
1187 46 13 17
1188 46 14 17
1189 46 15 17
1190 46 16 17
1191 46 17 17
1192 46 18 17
1193 46 19 17
1194 46 20 17
1195 46 21 17
1196 46 22 17
1197 35 23 17
1198 46 24 17
1199 46 25 17
1200 46 26 17
1201 46 27 17
1202 46 28 17
1203 46 29 17
1204 46 30 17
1205 46 31 17
1206 46 32 17
1207 46 33 17
1208 46 34 17
1209 46 35 17
1210 46 36 17
1211 46 37 17
1212 46 38 17
1213 46 39 17
1214 46 40 17
1215 46 41 17
1216 46 42 17
1217 46 43 17
1218 46 44 17
1219 46 45 17
1220 46 46 17
1221 46 47 17
1222 46 48 17
1223 46 49 17
1224 46 50 17
1225 46 51 17
1226 46 52 17
1227 46 53 17
1228 46 54 17
1229 46 55 17
1230 46 56 17
1231 46 57 17
1232 46 58 17
1233 35 59 17
1234 47 0 18
1235 46 1 18
1236 46 2 18
1237 46 3 18
1238 46 4 18
1239 46 5 18
1240 46 6 18
1241 46 7 18
1242 46 8 18
1243 46 9 18
1244 46 10 18
1245 46 11 18
1246 46 12 18
1247 46 13 18
1248 46 14 18
1249 46 15 18
1250 46 16 18
1251 46 17 18
1252 46 18 18
1253 46 19 18
1254 46 20 18
1255 46 21 18
1256 46 22 18
1257 35 23 18
1258 46 24 18
1259 46 25 18
1260 46 26 18
1261 46 27 18
1262 46 28 18
1263 46 29 18
1264 46 30 18
1265 46 31 18
1266 46 32 18
1267 46 33 18
1268 46 34 18
1269 46 35 18
1270 46 36 18
1271 46 37 18
1272 46 38 18
1273 46 39 18
1274 46 40 18
1275 46 41 18
1276 46 42 18
1277 46 43 18
1278 46 44 18
1279 46 45 18
1280 46 46 18
1281 46 47 18
1282 46 48 18
1283 46 49 18
1284 46 50 18
1285 46 51 18
1286 46 52 18
1287 46 53 18
1288 46 54 18
1289 46 55 18
1290 46 56 18
1291 46 57 18
1292 46 58 18
1293 92 59 18
1294 35 0 19
1295 46 1 19
1296 46 2 19
1297 46 3 19
1298 46 4 19
1299 46 5 19
1300 46 6 19
1301 46 7 19
1302 46 8 19
1303 46 9 19
1304 46 10 19
1305 46 11 19
1306 46 12 19
1307 46 13 19
1308 46 14 19
1309 46 15 19
1310 46 16 19
1311 46 17 19
1312 46 18 19
1313 46 19 19
1314 46 20 19
1315 46 21 19
1316 46 22 19
1317 35 23 19
1318 46 24 19
1319 46 25 19
1320 46 26 19
1321 46 27 19
1322 46 28 19
1323 46 29 19
1324 46 30 19
1325 46 31 19
1326 46 32 19
1327 46 33 19
1328 46 34 19
1329 46 35 19
1330 46 36 19
1331 46 37 19
1332 46 38 19
1333 46 39 19
1334 46 40 19
1335 46 41 19
1336 46 42 19
1337 46 43 19
1338 46 44 19
1339 46 45 19
1340 46 46 19
1341 46 47 19
1342 46 48 19
1343 46 49 19
1344 46 50 19
1345 46 51 19
1346 46 52 19
1347 46 53 19
1348 46 54 19
1349 46 55 19
1350 46 56 19
1351 46 57 19
1352 46 58 19
1353 35 59 19
1354 35 0 20
1355 46 1 20
1356 46 2 20
1357 46 3 20
1358 46 4 20
1359 46 5 20
1360 46 6 20
1361 46 7 20
1362 46 8 20
1363 46 9 20
1364 46 10 20
1365 46 11 20
1366 46 12 20
1367 46 13 20
1368 46 14 20
1369 46 15 20
1370 46 16 20
1371 46 17 20
1372 46 18 20
1373 46 19 20
1374 46 20 20
1375 46 21 20
1376 46 22 20
1377 35 23 20
1378 46 24 20
1379 46 25 20
1380 46 26 20
1381 46 27 20
1382 46 28 20
1383 46 29 20
1384 46 30 20
1385 46 31 20
1386 46 32 20
1387 46 33 20
1388 46 34 20
1389 46 35 20
1390 46 36 20
1391 46 37 20
1392 46 38 20
1393 46 39 20
1394 46 40 20
1395 46 41 20
1396 46 42 20
1397 46 43 20
1398 46 44 20
1399 46 45 20
1400 46 46 20
1401 46 47 20
1402 46 48 20
1403 46 49 20
1404 46 50 20
1405 46 51 20
1406 46 52 20
1407 46 53 20
1408 46 54 20
1409 46 55 20
1410 46 56 20
1411 46 57 20
1412 46 58 20
1413 35 59 20
1414 35 0 21
1415 46 1 21
1416 46 2 21
1417 46 3 21
1418 46 4 21
1419 46 5 21
1420 46 6 21
1421 46 7 21
1422 46 8 21
1423 46 9 21
1424 46 10 21
1425 46 11 21
1426 46 12 21
1427 46 13 21
1428 46 14 21
1429 46 15 21
1430 46 16 21
1431 46 17 21
1432 46 18 21
1433 46 19 21
1434 46 20 21
1435 46 21 21
1436 46 22 21
1437 35 23 21
1438 46 24 21
1439 46 25 21
1440 46 26 21
1441 46 27 21
1442 46 28 21
1443 46 29 21
1444 46 30 21
1445 46 31 21
1446 46 32 21
1447 46 33 21
1448 46 34 21
1449 46 35 21
1450 46 36 21
1451 46 37 21
1452 46 38 21
1453 46 39 21
1454 46 40 21
1455 46 41 21
1456 46 42 21
1457 46 43 21
1458 46 44 21
1459 46 45 21
1460 46 46 21
1461 46 47 21
1462 46 48 21
1463 46 49 21
1464 46 50 21
1465 46 51 21
1466 46 52 21
1467 46 53 21
1468 46 54 21
1469 46 55 21
1470 46 56 21
1471 46 57 21
1472 46 58 21
1473 35 59 21
1474 35 0 22
1475 46 1 22
1476 46 2 22
1477 46 3 22
1478 46 4 22
1479 46 5 22
1480 46 6 22
1481 46 7 22
1482 46 8 22
1483 46 9 22
1484 46 10 22
1485 46 11 22
1486 46 12 22
1487 46 13 22
1488 46 14 22
1489 46 15 22
1490 46 16 22
1491 46 17 22
1492 46 18 22
1493 46 19 22
1494 46 20 22
1495 46 21 22
1496 46 22 22
1497 35 23 22
1498 46 24 22
1499 46 25 22
1500 46 26 22
1501 46 27 22
1502 46 28 22
1503 46 29 22
1504 46 30 22
1505 46 31 22
1506 46 32 22
1507 46 33 22
1508 46 34 22
1509 46 35 22
1510 46 36 22
1511 46 37 22
1512 46 38 22
1513 46 39 22
1514 46 40 22
1515 46 41 22
1516 46 42 22
1517 46 43 22
1518 46 44 22
1519 46 45 22
1520 46 46 22
1521 46 47 22
1522 46 48 22
1523 46 49 22
1524 46 50 22
1525 46 51 22
1526 46 52 22
1527 46 53 22
1528 46 54 22
1529 46 55 22
1530 46 56 22
1531 46 57 22
1532 46 58 22
1533 35 59 22
1534 35 0 23
1535 46 1 23
1536 46 2 23
1537 46 3 23
1538 46 4 23
1539 46 5 23
1540 46 6 23
1541 46 7 23
1542 46 8 23
1543 46 9 23
1544 46 10 23
1545 46 11 23
1546 46 12 23
1547 46 13 23
1548 46 14 23
1549 46 15 23
1550 46 16 23
1551 46 17 23
1552 46 18 23
1553 46 19 23
1554 46 20 23
1555 46 21 23
1556 46 22 23
1557 46 23 23
1558 46 24 23
1559 46 25 23
1560 46 26 23
1561 46 27 23
1562 46 28 23
1563 46 29 23
1564 46 30 23
1565 46 31 23
1566 46 32 23
1567 46 33 23
1568 46 34 23
1569 46 35 23
1570 46 36 23
1571 46 37 23
1572 46 38 23
1573 46 39 23
1574 46 40 23
1575 46 41 23
1576 46 42 23
1577 46 43 23
1578 46 44 23
1579 46 45 23
1580 46 46 23
1581 46 47 23
1582 46 48 23
1583 46 49 23
1584 46 50 23
1585 46 51 23
1586 46 52 23
1587 46 53 23
1588 46 54 23
1589 46 55 23
1590 46 56 23
1591 46 57 23
1592 46 58 23
1593 35 59 23
1594 35 0 24
1595 46 1 24
1596 46 2 24
1597 46 3 24
1598 46 4 24
1599 46 5 24
1600 46 6 24
1601 46 7 24
1602 46 8 24
1603 46 9 24
1604 46 10 24
1605 46 11 24
1606 46 12 24
1607 46 13 24
1608 46 14 24
1609 46 15 24
1610 46 16 24
1611 46 17 24
1612 46 18 24
1613 46 19 24
1614 46 20 24
1615 46 21 24
1616 46 22 24
1617 46 23 24
1618 46 24 24
1619 46 25 24
1620 46 26 24
1621 46 27 24
1622 46 28 24
1623 46 29 24
1624 46 30 24
1625 46 31 24
1626 46 32 24
1627 46 33 24
1628 46 34 24
1629 46 35 24
1630 46 36 24
1631 46 37 24
1632 46 38 24
1633 46 39 24
1634 46 40 24
1635 46 41 24
1636 46 42 24
1637 46 43 24
1638 46 44 24
1639 46 45 24
1640 46 46 24
1641 46 47 24
1642 46 48 24
1643 46 49 24
1644 46 50 24
1645 46 51 24
1646 46 52 24
1647 46 53 24
1648 46 54 24
1649 46 55 24
1650 46 56 24
1651 46 57 24
1652 46 58 24
1653 35 59 24
1654 35 0 25
1655 46 1 25
1656 46 2 25
1657 46 3 25
1658 46 4 25
1659 46 5 25
1660 46 6 25
1661 46 7 25
1662 46 8 25
1663 46 9 25
1664 46 10 25
1665 46 11 25
1666 46 12 25
1667 46 13 25
1668 46 14 25
1669 46 15 25
1670 46 16 25
1671 46 17 25
1672 46 18 25
1673 46 19 25
1674 46 20 25
1675 46 21 25
1676 46 22 25
1677 46 23 25
1678 46 24 25
1679 46 25 25
1680 46 26 25
1681 46 27 25
1682 46 28 25
1683 46 29 25
1684 46 30 25
1685 46 31 25
1686 46 32 25
1687 46 33 25
1688 46 34 25
1689 46 35 25
1690 46 36 25
1691 46 37 25
1692 46 38 25
1693 46 39 25
1694 46 40 25
1695 46 41 25
1696 46 42 25
1697 46 43 25
1698 46 44 25
1699 46 45 25
1700 46 46 25
1701 46 47 25
1702 46 48 25
1703 46 49 25
1704 46 50 25
1705 46 51 25
1706 46 52 25
1707 46 53 25
1708 46 54 25
1709 46 55 25
1710 46 56 25
1711 46 57 25
1712 46 58 25
1713 35 59 25
1714 35 0 26
1715 46 1 26
1716 46 2 26
1717 46 3 26
1718 46 4 26
1719 46 5 26
1720 46 6 26
1721 46 7 26
1722 46 8 26
1723 46 9 26
1724 46 10 26
1725 46 11 26
1726 46 12 26
1727 46 13 26
1728 46 14 26
1729 46 15 26
1730 46 16 26
1731 46 17 26
1732 46 18 26
1733 46 19 26
1734 46 20 26
1735 46 21 26
1736 46 22 26
1737 46 23 26
1738 46 24 26
1739 46 25 26
1740 46 26 26
1741 46 27 26
1742 46 28 26
1743 46 29 26
1744 46 30 26
1745 46 31 26
1746 46 32 26
1747 46 33 26
1748 46 34 26
1749 46 35 26
1750 46 36 26
1751 46 37 26
1752 46 38 26
1753 46 39 26
1754 46 40 26
1755 46 41 26
1756 46 42 26
1757 46 43 26
1758 46 44 26
1759 46 45 26
1760 46 46 26
1761 46 47 26
1762 46 48 26
1763 46 49 26
1764 46 50 26
1765 46 51 26
1766 46 52 26
1767 46 53 26
1768 46 54 26
1769 46 55 26
1770 46 56 26
1771 46 57 26
1772 46 58 26
1773 35 59 26
1774 35 0 27
1775 46 1 27
1776 46 2 27
1777 46 3 27
1778 46 4 27
1779 46 5 27
1780 46 6 27
1781 46 7 27
1782 46 8 27
1783 46 9 27
1784 46 10 27
1785 46 11 27
1786 46 12 27
1787 46 13 27
1788 46 14 27
1789 46 15 27
1790 46 16 27
1791 46 17 27
1792 46 18 27
1793 46 19 27
1794 46 20 27
1795 46 21 27
1796 46 22 27
1797 46 23 27
1798 46 24 27
1799 46 25 27
1800 46 26 27
1801 46 27 27
1802 46 28 27
1803 46 29 27
1804 46 30 27
1805 46 31 27
1806 46 32 27
1807 46 33 27
1808 46 34 27
1809 46 35 27
1810 46 36 27
1811 46 37 27
1812 46 38 27
1813 46 39 27
1814 46 40 27
1815 46 41 27
1816 46 42 27
1817 46 43 27
1818 46 44 27
1819 46 45 27
1820 46 46 27
1821 46 47 27
1822 46 48 27
1823 46 49 27
1824 46 50 27
1825 46 51 27
1826 46 52 27
1827 46 53 27
1828 46 54 27
1829 46 55 27
1830 46 56 27
1831 46 57 27
1832 46 58 27
1833 35 59 27
1834 35 0 28
1835 46 1 28
1836 46 2 28
1837 46 3 28
1838 46 4 28
1839 46 5 28
1840 46 6 28
1841 46 7 28
1842 46 8 28
1843 46 9 28
1844 46 10 28
1845 46 11 28
1846 46 12 28
1847 46 13 28
1848 46 14 28
1849 46 15 28
1850 46 16 28
1851 46 17 28
1852 46 18 28
1853 46 19 28
1854 46 20 28
1855 46 21 28
1856 46 22 28
1857 46 23 28
1858 46 24 28
1859 46 25 28
1860 46 26 28
1861 46 27 28
1862 46 28 28
1863 46 29 28
1864 46 30 28
1865 46 31 28
1866 46 32 28
1867 46 33 28
1868 46 34 28
1869 46 35 28
1870 46 36 28
1871 46 37 28
1872 46 38 28
1873 46 39 28
1874 46 40 28
1875 46 41 28
1876 46 42 28
1877 46 43 28
1878 46 44 28
1879 46 45 28
1880 46 46 28
1881 46 47 28
1882 46 48 28
1883 46 49 28
1884 46 50 28
1885 46 51 28
1886 46 52 28
1887 46 53 28
1888 46 54 28
1889 46 55 28
1890 46 56 28
1891 46 57 28
1892 46 58 28
1893 35 59 28
1894 35 0 29
1895 46 1 29
1896 46 2 29
1897 46 3 29
1898 46 4 29
1899 46 5 29
1900 46 6 29
1901 46 7 29
1902 46 8 29
1903 46 9 29
1904 46 10 29
1905 46 11 29
1906 46 12 29
1907 46 13 29
1908 46 14 29
1909 46 15 29
1910 46 16 29
1911 46 17 29
1912 46 18 29
1913 46 19 29
1914 46 20 29
1915 46 21 29
1916 46 22 29
1917 46 23 29
1918 46 24 29
1919 46 25 29
1920 46 26 29
1921 46 27 29
1922 46 28 29
1923 46 29 29
1924 46 30 29
1925 46 31 29
1926 46 32 29
1927 46 33 29
1928 46 34 29
1929 46 35 29
1930 46 36 29
1931 46 37 29
1932 46 38 29
1933 46 39 29
1934 46 40 29
1935 46 41 29
1936 46 42 29
1937 46 43 29
1938 46 44 29
1939 46 45 29
1940 46 46 29
1941 46 47 29
1942 46 48 29
1943 46 49 29
1944 46 50 29
1945 46 51 29
1946 46 52 29
1947 46 53 29
1948 46 54 29
1949 46 55 29
1950 46 56 29
1951 46 57 29
1952 46 58 29
1953 35 59 29
1954 35 0 30
1955 46 1 30
1956 46 2 30
1957 46 3 30
1958 46 4 30
1959 46 5 30
1960 46 6 30
1961 46 7 30
1962 46 8 30
1963 46 9 30
1964 46 10 30
1965 46 11 30
1966 46 12 30
1967 46 13 30
1968 46 14 30
1969 46 15 30
1970 46 16 30
1971 46 17 30
1972 46 18 30
1973 46 19 30
1974 46 20 30
1975 46 21 30
1976 46 22 30
1977 46 23 30
1978 46 24 30
1979 46 25 30
1980 46 26 30
1981 46 27 30
1982 46 28 30
1983 46 29 30
1984 46 30 30
1985 46 31 30
1986 46 32 30
1987 46 33 30
1988 46 34 30
1989 46 35 30
1990 46 36 30
1991 46 37 30
1992 46 38 30
1993 46 39 30
1994 46 40 30
1995 46 41 30
1996 46 42 30
1997 46 43 30
1998 46 44 30
1999 46 45 30
2000 46 46 30
2001 46 47 30
2002 46 48 30
2003 46 49 30
2004 46 50 30
2005 46 51 30
2006 46 52 30
2007 46 53 30
2008 46 54 30
2009 46 55 30
2010 46 56 30
2011 46 57 30
2012 46 58 30
2013 35 59 30
2014 35 0 31
2015 46 1 31
2016 46 2 31
2017 46 3 31
2018 46 4 31
2019 46 5 31
2020 46 6 31
2021 46 7 31
2022 46 8 31
2023 46 9 31
2024 46 10 31
2025 46 11 31
2026 46 12 31
2027 46 13 31
2028 46 14 31
2029 46 15 31
2030 46 16 31
2031 46 17 31
2032 46 18 31
2033 46 19 31
2034 46 20 31
2035 46 21 31
2036 46 22 31
2037 46 23 31
2038 46 24 31
2039 46 25 31
2040 46 26 31
2041 46 27 31
2042 46 28 31
2043 46 29 31
2044 46 30 31
2045 46 31 31
2046 46 32 31
2047 46 33 31
2048 46 34 31
2049 46 35 31
2050 46 36 31
2051 46 37 31
2052 46 38 31
2053 46 39 31
2054 46 40 31
2055 46 41 31
2056 46 42 31
2057 46 43 31
2058 46 44 31
2059 46 45 31
2060 46 46 31
2061 46 47 31
2062 46 48 31
2063 46 49 31
2064 46 50 31
2065 46 51 31
2066 46 52 31
2067 46 53 31
2068 46 54 31
2069 46 55 31
2070 46 56 31
2071 46 57 31
2072 46 58 31
2073 35 59 31
2074 35 0 32
2075 46 1 32
2076 46 2 32
2077 46 3 32
2078 46 4 32
2079 46 5 32
2080 46 6 32
2081 46 7 32
2082 46 8 32
2083 46 9 32
2084 46 10 32
2085 46 11 32
2086 46 12 32
2087 46 13 32
2088 46 14 32
2089 46 15 32
2090 46 16 32
2091 46 17 32
2092 46 18 32
2093 46 19 32
2094 46 20 32
2095 46 21 32
2096 46 22 32
2097 46 23 32
2098 46 24 32
2099 46 25 32
2100 46 26 32
2101 46 27 32
2102 46 28 32
2103 46 29 32
2104 46 30 32
2105 46 31 32
2106 46 32 32
2107 46 33 32
2108 46 34 32
2109 46 35 32
2110 46 36 32
2111 46 37 32
2112 46 38 32
2113 46 39 32
2114 46 40 32
2115 46 41 32
2116 46 42 32
2117 46 43 32
2118 46 44 32
2119 46 45 32
2120 46 46 32
2121 46 47 32
2122 46 48 32
2123 46 49 32
2124 46 50 32
2125 46 51 32
2126 46 52 32
2127 46 53 32
2128 46 54 32
2129 46 55 32
2130 46 56 32
2131 46 57 32
2132 46 58 32
2133 35 59 32
2134 35 0 33
2135 46 1 33
2136 46 2 33
2137 46 3 33
2138 46 4 33
2139 46 5 33
2140 46 6 33
2141 46 7 33
2142 46 8 33
2143 46 9 33
2144 46 10 33
2145 46 11 33
2146 46 12 33
2147 46 13 33
2148 46 14 33
2149 46 15 33
2150 46 16 33
2151 46 17 33
2152 46 18 33
2153 46 19 33
2154 46 20 33
2155 46 21 33
2156 46 22 33
2157 46 23 33
2158 46 24 33
2159 46 25 33
2160 46 26 33
2161 46 27 33
2162 46 28 33
2163 46 29 33
2164 46 30 33
2165 46 31 33
2166 46 32 33
2167 46 33 33
2168 46 34 33
2169 46 35 33
2170 46 36 33
2171 46 37 33
2172 46 38 33
2173 46 39 33
2174 46 40 33
2175 46 41 33
2176 46 42 33
2177 46 43 33
2178 46 44 33
2179 46 45 33
2180 46 46 33
2181 46 47 33
2182 46 48 33
2183 46 49 33
2184 46 50 33
2185 46 51 33
2186 46 52 33
2187 46 53 33
2188 46 54 33
2189 46 55 33
2190 46 56 33
2191 46 57 33
2192 46 58 33
2193 35 59 33
2194 35 0 34
2195 46 1 34
2196 46 2 34
2197 46 3 34
2198 46 4 34
2199 46 5 34
2200 46 6 34
2201 46 7 34
2202 46 8 34
2203 46 9 34
2204 46 10 34
2205 46 11 34
2206 46 12 34
2207 46 13 34
2208 46 14 34
2209 46 15 34
2210 46 16 34
2211 46 17 34
2212 46 18 34
2213 46 19 34
2214 46 20 34
2215 46 21 34
2216 46 22 34
2217 46 23 34
2218 46 24 34
2219 46 25 34
2220 46 26 34
2221 46 27 34
2222 46 28 34
2223 46 29 34
2224 46 30 34
2225 46 31 34
2226 46 32 34
2227 46 33 34
2228 46 34 34
2229 46 35 34
2230 46 36 34
2231 46 37 34
2232 46 38 34
2233 46 39 34
2234 46 40 34
2235 46 41 34
2236 46 42 34
2237 46 43 34
2238 46 44 34
2239 46 45 34
2240 46 46 34
2241 46 47 34
2242 46 48 34
2243 46 49 34
2244 46 50 34
2245 46 51 34
2246 46 52 34
2247 46 53 34
2248 46 54 34
2249 46 55 34
2250 46 56 34
2251 46 57 34
2252 46 58 34
2253 35 59 34
2254 35 0 35
2255 46 1 35
2256 46 2 35
2257 46 3 35
2258 46 4 35
2259 46 5 35
2260 46 6 35
2261 46 7 35
2262 46 8 35
2263 46 9 35
2264 46 10 35
2265 46 11 35
2266 46 12 35
2267 46 13 35
2268 46 14 35
2269 46 15 35
2270 46 16 35
2271 46 17 35
2272 46 18 35
2273 46 19 35
2274 46 20 35
2275 46 21 35
2276 46 22 35
2277 46 23 35
2278 46 24 35
2279 46 25 35
2280 46 26 35
2281 46 27 35
2282 46 28 35
2283 46 29 35
2284 46 30 35
2285 46 31 35
2286 46 32 35
2287 46 33 35
2288 46 34 35
2289 46 35 35
2290 46 36 35
2291 46 37 35
2292 46 38 35
2293 46 39 35
2294 46 40 35
2295 46 41 35
2296 46 42 35
2297 46 43 35
2298 46 44 35
2299 46 45 35
2300 46 46 35
2301 46 47 35
2302 46 48 35
2303 46 49 35
2304 46 50 35
2305 46 51 35
2306 46 52 35
2307 46 53 35
2308 46 54 35
2309 46 55 35
2310 46 56 35
2311 46 57 35
2312 46 58 35
2313 35 59 35
2314 35 0 36
2315 35 1 36
2316 35 2 36
2317 35 3 36
2318 35 4 36
2319 35 5 36
2320 35 6 36
2321 35 7 36
2322 35 8 36
2323 35 9 36
2324 35 10 36
2325 35 11 36
2326 35 12 36
2327 35 13 36
2328 35 14 36
2329 35 15 36
2330 35 16 36
2331 35 17 36
2332 35 18 36
2333 35 19 36
2334 35 20 36
2335 35 21 36
2336 35 22 36
2337 35 23 36
2338 35 24 36
2339 35 25 36
2340 35 26 36
2341 35 27 36
2342 35 28 36
2343 35 29 36
2344 35 30 36
2345 35 31 36
2346 35 32 36
2347 35 33 36
2348 35 34 36
2349 35 35 36
2350 35 36 36
2351 35 37 36
2352 35 38 36
2353 35 39 36
2354 35 40 36
2355 35 41 36
2356 35 42 36
2357 35 43 36
2358 35 44 36
2359 35 45 36
2360 35 46 36
2361 35 47 36
2362 35 48 36
2363 35 49 36
2364 35 50 36
2365 35 51 36
2366 35 52 36
2367 35 53 36
2368 35 54 36
2369 35 55 36
2370 35 56 36
2371 35 57 36
2372 35 58 36
2373 35 59 36 60 37 3 1234 3 1293 1 0 5
2374 45 26 5 Pyper 5 35 35 12 11 15 9 11 11 6
2375 25 Liar's Cuirass of the Sky 4 3 4 -1 -1 10 1 0
2376 40 Scaled Wristguards of Condemned Comrades 2 2 -1 -1 13 1 0
2377 13 Knight's Fall 1 3 1 14
2378 11 Venomstrike 2 2 3 3 1d8 15
2379 1 0 10
2380 40 Scaled Wristguards of Condemned Comrades 2 2 20 1 1 0 18
2381
2382 2 0 13
2383 13 Knight's Fall 1 3 1 14
2384 11 Venomstrike 2 2 3 3 1d8 9 2 18 31
