22 serialization::archive 14 0 0 2 0 1 1 0
0 15 Fate Of Despair 0 0 1 0 3 1 0
1 24 The Death Talon Quarters 0 0 264 0 1 0
2 35 0 0
3 35 1 0
4 35 2 0
5 35 3 0
6 35 4 0
7 35 5 0
8 35 6 0
9 35 7 0
10 35 8 0
11 35 9 0
12 35 10 0
13 35 11 0
14 35 12 0
15 35 13 0
16 35 14 0
17 35 15 0
18 35 16 0
19 35 17 0
20 35 18 0
21 35 19 0
22 35 20 0
23 35 21 0
24 35 0 1
25 46 1 1
26 46 2 1
27 46 3 1
28 46 4 1
29 46 5 1
30 46 6 1
31 46 7 1
32 46 8 1
33 46 9 1
34 46 10 1
35 46 11 1
36 46 12 1
37 46 13 1
38 46 14 1
39 46 15 1
40 46 16 1
41 46 17 1
42 46 18 1
43 46 19 1
44 46 20 1
45 35 21 1
46 35 0 2
47 46 1 2
48 46 2 2
49 46 3 2
50 46 4 2
51 46 5 2
52 46 6 2
53 46 7 2
54 46 8 2
55 46 9 2
56 46 10 2
57 46 11 2
58 46 12 2
59 46 13 2
60 46 14 2
61 46 15 2
62 46 16 2
63 46 17 2
64 46 18 2
65 46 19 2
66 46 20 2
67 35 21 2
68 35 0 3
69 46 1 3
70 46 2 3
71 46 3 3
72 46 4 3
73 46 5 3
74 46 6 3
75 46 7 3
76 46 8 3
77 46 9 3
78 46 10 3
79 46 11 3
80 46 12 3
81 46 13 3
82 46 14 3
83 46 15 3
84 46 16 3
85 46 17 3
86 46 18 3
87 46 19 3
88 46 20 3
89 35 21 3
90 35 0 4
91 46 1 4
92 46 2 4
93 46 3 4
94 46 4 4
95 46 5 4
96 46 6 4
97 46 7 4
98 46 8 4
99 46 9 4
100 46 10 4
101 46 11 4
102 46 12 4
103 46 13 4
104 46 14 4
105 46 15 4
106 46 16 4
107 46 17 4
108 46 18 4
109 46 19 4
110 46 20 4
111 35 21 4
112 35 0 5
113 46 1 5
114 46 2 5
115 46 3 5
116 46 4 5
117 46 5 5
118 46 6 5
119 46 7 5
120 46 8 5
121 46 9 5
122 46 10 5
123 46 11 5
124 46 12 5
125 46 13 5
126 46 14 5
127 46 15 5
128 46 16 5
129 46 17 5
130 46 18 5
131 46 19 5
132 46 20 5
133 35 21 5
134 47 0 6
135 46 1 6
136 46 2 6
137 46 3 6
138 46 4 6
139 46 5 6
140 46 6 6
141 46 7 6
142 46 8 6
143 46 9 6
144 46 10 6
145 46 11 6
146 46 12 6
147 46 13 6
148 46 14 6
149 46 15 6
150 46 16 6
151 46 17 6
152 46 18 6
153 46 19 6
154 46 20 6
155 92 21 6
156 35 0 7
157 46 1 7
158 46 2 7
159 46 3 7
160 46 4 7
161 46 5 7
162 46 6 7
163 46 7 7
164 46 8 7
165 46 9 7
166 46 10 7
167 46 11 7
168 46 12 7
169 46 13 7
170 46 14 7
171 46 15 7
172 46 16 7
173 46 17 7
174 46 18 7
175 46 19 7
176 46 20 7
177 35 21 7
178 35 0 8
179 46 1 8
180 46 2 8
181 46 3 8
182 46 4 8
183 46 5 8
184 46 6 8
185 46 7 8
186 46 8 8
187 46 9 8
188 46 10 8
189 46 11 8
190 46 12 8
191 46 13 8
192 46 14 8
193 46 15 8
194 46 16 8
195 46 17 8
196 46 18 8
197 46 19 8
198 46 20 8
199 35 21 8
200 35 0 9
201 46 1 9
202 46 2 9
203 46 3 9
204 46 4 9
205 46 5 9
206 46 6 9
207 46 7 9
208 46 8 9
209 46 9 9
210 46 10 9
211 46 11 9
212 46 12 9
213 46 13 9
214 46 14 9
215 46 15 9
216 46 16 9
217 46 17 9
218 46 18 9
219 46 19 9
220 46 20 9
221 35 21 9
222 35 0 10
223 46 1 10
224 46 2 10
225 46 3 10
226 46 4 10
227 46 5 10
228 46 6 10
229 46 7 10
230 46 8 10
231 46 9 10
232 46 10 10
233 46 11 10
234 46 12 10
235 46 13 10
236 46 14 10
237 46 15 10
238 46 16 10
239 46 17 10
240 46 18 10
241 46 19 10
242 46 20 10
243 35 21 10
244 35 0 11
245 35 1 11
246 35 2 11
247 35 3 11
248 35 4 11
249 35 5 11
250 35 6 11
251 35 7 11
252 35 8 11
253 35 9 11
254 35 10 11
255 35 11 11
256 35 12 11
257 35 13 11
258 35 14 11
259 35 15 11
260 35 16 11
261 35 17 11
262 35 18 11
263 35 19 11
264 35 20 11
265 35 21 11 22 12 5 134 5 155 0 0 1 0 7 1 0
266 7 4 4 Eppo 1 11 11 15 14 13 13 13 12 -1 -1 -1 -1 -1 -1 -1 15 1 0
267 0 0 19 Wasp, Bow of Trials 2 2 2 3 1d8 3 17 1 0
268 0 0 0 0 20 0 0 0 0 0 1
269 18 Wolves Of Insanity 1 0 3
270 30 Caverns of the Golden Basilisk 264 0
271 35 0 0
272 35 1 0
273 35 2 0
274 35 3 0
275 35 4 0
276 35 5 0
277 35 6 0
278 35 7 0
279 35 8 0
280 35 9 0
281 35 10 0
282 35 11 0
283 35 12 0
284 35 13 0
285 35 14 0
286 35 15 0
287 35 16 0
288 35 17 0
289 35 18 0
290 35 19 0
291 35 20 0
292 35 21 0
293 35 0 1
294 46 1 1
295 46 2 1
296 46 3 1
297 46 4 1
298 46 5 1
299 46 6 1
300 46 7 1
301 46 8 1
302 46 9 1
303 46 10 1
304 46 11 1
305 46 12 1
306 46 13 1
307 46 14 1
308 46 15 1
309 46 16 1
310 46 17 1
311 46 18 1
312 46 19 1
313 46 20 1
314 35 21 1
315 35 0 2
316 46 1 2
317 46 2 2
318 46 3 2
319 46 4 2
320 46 5 2
321 46 6 2
322 46 7 2
323 46 8 2
324 46 9 2
325 46 10 2
326 46 11 2
327 46 12 2
328 46 13 2
329 46 14 2
330 46 15 2
331 46 16 2
332 46 17 2
333 46 18 2
334 46 19 2
335 46 20 2
336 35 21 2
337 35 0 3
338 46 1 3
339 46 2 3
340 46 3 3
341 46 4 3
342 46 5 3
343 46 6 3
344 46 7 3
345 46 8 3
346 46 9 3
347 46 10 3
348 46 11 3
349 46 12 3
350 46 13 3
351 46 14 3
352 46 15 3
353 46 16 3
354 46 17 3
355 46 18 3
356 46 19 3
357 46 20 3
358 35 21 3
359 35 0 4
360 46 1 4
361 46 2 4
362 46 3 4
363 46 4 4
364 46 5 4
365 46 6 4
366 46 7 4
367 46 8 4
368 46 9 4
369 46 10 4
370 46 11 4
371 46 12 4
372 46 13 4
373 46 14 4
374 46 15 4
375 46 16 4
376 46 17 4
377 46 18 4
378 46 19 4
379 46 20 4
380 35 21 4
381 35 0 5
382 46 1 5
383 46 2 5
384 46 3 5
385 46 4 5
386 46 5 5
387 46 6 5
388 46 7 5
389 46 8 5
390 46 9 5
391 46 10 5
392 46 11 5
393 46 12 5
394 46 13 5
395 46 14 5
396 46 15 5
397 46 16 5
398 46 17 5
399 46 18 5
400 46 19 5
401 46 20 5
402 35 21 5
403 47 0 6
404 46 1 6
405 46 2 6
406 46 3 6
407 46 4 6
408 46 5 6
409 46 6 6
410 46 7 6
411 46 8 6
412 46 9 6
413 46 10 6
414 46 11 6
415 46 12 6
416 46 13 6
417 46 14 6
418 46 15 6
419 46 16 6
420 46 17 6
421 46 18 6
422 46 19 6
423 46 20 6
424 92 21 6
425 35 0 7
426 46 1 7
427 46 2 7
428 46 3 7
429 46 4 7
430 46 5 7
431 46 6 7
432 46 7 7
433 46 8 7
434 46 9 7
435 46 10 7
436 46 11 7
437 46 12 7
438 46 13 7
439 46 14 7
440 46 15 7
441 46 16 7
442 46 17 7
443 46 18 7
444 46 19 7
445 46 20 7
446 35 21 7
447 35 0 8
448 46 1 8
449 46 2 8
450 46 3 8
451 46 4 8
452 46 5 8
453 46 6 8
454 46 7 8
455 46 8 8
456 46 9 8
457 46 10 8
458 46 11 8
459 46 12 8
460 46 13 8
461 46 14 8
462 46 15 8
463 46 16 8
464 46 17 8
465 46 18 8
466 46 19 8
467 46 20 8
468 35 21 8
469 35 0 9
470 46 1 9
471 46 2 9
472 46 3 9
473 46 4 9
474 46 5 9
475 46 6 9
476 46 7 9
477 46 8 9
478 46 9 9
479 46 10 9
480 46 11 9
481 46 12 9
482 46 13 9
483 46 14 9
484 46 15 9
485 46 16 9
486 46 17 9
487 46 18 9
488 46 19 9
489 46 20 9
490 35 21 9
491 35 0 10
492 46 1 10
493 46 2 10
494 46 3 10
495 46 4 10
496 46 5 10
497 46 6 10
498 46 7 10
499 46 8 10
500 46 9 10
501 46 10 10
502 46 11 10
503 46 12 10
504 46 13 10
505 46 14 10
506 46 15 10
507 46 16 10
508 46 17 10
509 46 18 10
510 46 19 10
511 46 20 10
512 35 21 10
513 35 0 11
514 35 1 11
515 35 2 11
516 35 3 11
517 35 4 11
518 35 5 11
519 35 6 11
520 35 7 11
521 35 8 11
522 35 9 11
523 35 10 11
524 35 11 11
525 35 12 11
526 35 13 11
527 35 14 11
528 35 15 11
529 35 16 11
530 35 17 11
531 35 18 11
532 35 19 11
533 35 20 11
534 35 21 11 22 12 5 403 5 424 1 0 7
535 7 4 4 Eppo 1 11 11 15 14 13 13 13 12 -1 -1 -1 -1 -1 -1 -1 15
536 19 Wasp, Bow of Trials 2 2 2 3 1d8 3 17
537 0 0 20 0 0 0
